1 0 0 0 1 0.081550346875 1 0.083246528125 0.987278646875 0.0852350046875 0 0 0
1 0.0875205546875 0 0.08542411875 1 0.20342960937500001 1 0.20694444375 0.9710026031250001 0.20694444375 0 0.0875205546875 0
1 0.21110629374999998 0 0.2091280546875 1 0.32848569375 1 0.33046393281249997 0 0.21110629374999998 0
1 0.332786790625 0 0.330656865625 1 0.4505044359375 1 0.45217013906250003 0.9775130203125 0.4542002796875 0 0.332786790625 0
1 0.454345315625 0 0.4565104171875 0.9905338531250001 0.4580881078125 1 0.56797743125 1 0.5693576390625 0.9937890640625 0.5693576390625 0 0.454345315625 0
0 0.680034721875 0.5087630203125 0.6659288203125 0.4778385421875 0.650737846875 0.4778385421875 0.63663194375 0.4924869796875 0.63663194375 0.521783853125 0.6529079859375 0.5559635421875 0.6626736109375 0.557591146875 0.680034721875 0.538059896875 0.680034721875 0.5087630203125
0 0.71475694375 0.3720442703125 0.72452256875 0.3899479171875 0.727777778125 0.3883203140625 0.73428819375 0.3720442703125 0.726692709375 0.3573958328125 0.720182290625 0.3573958328125 0.71475694375 0.3720442703125
0 0.75164930625 0.385065103125 0.7494791671875001 0.401341146875 0.7625 0.40785156406249995 0.7690104171875001 0.3915755203125 0.765755209375 0.3834375 0.757074653125 0.3801822921875 0.75164930625 0.385065103125
1 0.8063662875000001 0 0.8080729171875 0.284153646875 0.8037326390624999 0.9937890640625 0.805614740625 1 0.9166542859375 1 0.91875 0.8082421859375 0.916797725 0 0.8063662875000001 0
1 0.919167571875 0 0.9209201390624999 0.3785546859375 0.924175346875 0.3834375 1 0.3819210078125 1 0 0.919167571875 0
1 0.91875 0 0.91875 0.9937890640625 0.91978515625 1 0.9895200890625 1 0.9903645828125001 0.9970442703125 0.996875 0.9937890640625 0.99796006875 0.9823958328125 1 0.987903646875 1 0 0.91875 0