1 0.0009765625 0 0 0.9970600624999999 0.04296875 0.9970600624999999 0.0546875 0.991203615625 0.056640625 0.9560649359375001 0.056640625 0.0043923359375 0.0537109375 0 0.0009765625 0
1 0.0673828125 0 0.0625 0.0073205578125000005 0.060546875 0.051243909374999994 0.0625 0.42020005625 0.05859375 0.991203615625 0.0634765625 0.998524175 0.162109375 0.9970600624999999 0.16796875 0.991203615625 0.169921875 0.9765625 0.171875 0.0073205578125000005 0.1533203125 0 0.0673828125 0
1 0.1826171875 0.0029282234375 0.17578125 0.013177004687499999 0.173828125 0.060028578124999996 0.171875 0.991203615625 0.1748046875 0.9955959515625 0.27734375 0.9941318406249999 0.28125 0.9619213828125 0.28125 0.0073205578125000005 0.2197265625 0 0.1826171875 0.0029282234375
1 0.2900390625 0 0.28515625 0.0073205578125000005 0.283203125 0.9941318406249999 0.2861328125 0.998524175 0.376953125 0.9970600624999999 0.390625 0.9941318406249999 0.392578125 0.0073205578125000005 0.3837890625 0 0.2900390625 0
1 0.4052734375 0 0.396484375 0.0073205578125000005 0.39453125 0.07759791875 0.392578125 0.9941318406249999 0.3955078125 0.998524175 0.49609375 0.9970600624999999 0.5 0.9941318406249999 0.501953125 0.9677778296874999 0.50390625 0.027818123437499998 0.501953125 0.0073205578125000005 0.4951171875 0 0.4052734375 0
1 0.5126953125 0 0.505859375 0.0073205578125000005 0.50390625 0.086382590625 0.505859375 0.979490721875 0.5078125 0.991203615625 0.5185546875 0.998524175 0.583984375 0.9970600624999999 0.6044921875 0.9955959515625 0.607421875 0.982418946875 0.607421875 0.0073205578125000005 0.6005859375 0 0.5126953125 0
0 0.6806640625 0.5182955390624999 0.66796875 0.5314725453125 0.66796875 0.5578265546875001 0.6826171875 0.5885729015625001 0.69140625 0.5900370140625 0.70703125 0.5724676734374999 0.70703125 0.5461136609375 0.6943359375 0.5182955390624999 0.6806640625 0.5182955390624999
0 0.73828125 0.423128278125 0.7470703125 0.4392335078125 0.75 0.437769396875 0.755859375 0.423128278125 0.7490234375 0.40995127499999995 0.7431640625 0.40995127499999995 0.73828125 0.423128278125
0 0.771484375 0.43484117187500004 0.76953125 0.44948229062499995 0.78125 0.4553387375 0.787109375 0.44069761874999996 0.7841796875 0.43337706093749995 0.7763671875 0.4304488375 0.771484375 0.43484117187500004
1 0.9130859375 0 0.8251953125 0.0029282234375 0.8203125 0.0190334515625 0.822265625 0.3440662484375 0.818359375 0.982418946875 0.8232421875 0.998524175 0.912109375 0.9970600624999999 0.919921875 0.9941318406249999 0.921875 0.8155102125000001 0.919921875 0.0073205578125000005 0.9130859375 0
1 1 0.0014641109375 0.9267578125 0 0.921875 0.0073205578125000005 0.923828125 0.428984725 0.9267578125 0.43337706093749995 1 0.43191294999999996 1 0.0014641109375
1 1 0.0014641109375 0.9306640625 0 0.921875 0.0073205578125000005 0.921875 0.982418946875 0.923828125 0.9941318406249999 0.9326171875 0.998524175 0.9765625 0.9970600624999999 0.9833984375 0.9955959515625 0.986328125 0.9853471687500001 0.9921875 0.982418946875 0.9931640625 0.9721701656249999 0.998046875 0.9853471687500001 0.994140625 0.991203615625 1 0.9941318406249999 1 0.0014641109375