1 0.9531410421875 0 0.9531410421875 0.9672235562499999 0.9549638249999999 1 1 1 1 0 0.9531410421875 0
1 0.8348433671875 0 0.8368358578124999 0.9882572125 0.8384031703125 1 0.9511133218750001 1 0.94712525625 0.41734375 0.94913051875 0.03873798125 0.9474070625 0 0.8348433671875 0
1 0.722535934375 0 0.722535934375 0.973233171875 0.7257837296874999 1 0.8348237093750001 1 0.832825334375 0.047752403124999995 0.8308336078125 0 0.722535934375 0
1 0.6082485546874999 0 0.610228825 1 0.720518225 1 0.718537953125 0 0.6082485546874999 0
1 0.49533747968749997 0 0.49393608906250003 0.0146995203125 0.49594135 0.9792427874999999 0.4974805 1 0.6082226093750001 1 0.60623075 0.06578125 0.6044016171875 0 0.49533747968749997 0
1 0.3876572125 0 0.3876572125 0.994266828125 0.38893255781249997 1 0.49047300156249996 1 0.49193082656250003 0.99126201875 0.49393608906250003 0.0747956734375 0.492087384375 0 0.3876572125 0
0 0.28538886093750004 0.57359375 0.3014309546875 0.591622596875 0.3104546328125 0.5901201921875 0.325494096875 0.5585697109375001 0.325494096875 0.53152644375 0.3124598953125 0.5180048078125 0.2984230609375 0.5180048078125 0.28538886093750004 0.5465504796875 0.28538886093750004 0.57359375
0 0.23525731562500002 0.42034855625 0.2412731 0.435372596875 0.24428099374999998 0.436875 0.253304671875 0.42034855625 0.24829151718750003 0.40682692343750004 0.24227573125 0.40682692343750004 0.23525731562500002 0.42034855625
0 0.2031731265625 0.43837740312499995 0.20918891093749997 0.45340144374999997 0.2212204828125 0.44739182812499995 0.21921522031250001 0.43236778749999993 0.21420206562500002 0.4278605765625 0.20618101875 0.430865384375 0.2031731265625 0.43837740312499995
1 0.06680000781249999 0 0.0648100609375 0.8229927874999999 0.066746553125 1 0.169349828125 1 0.1710889375 0.994266828125 0.16707841406249999 0.33921875 0.16908367500000002 0.0056850953125 0.1673591515625 0 0.06680000781249999 0
1 0 0 0 0.42967067343750004 0.0597969078125 0.430865384375 0.06280480000000001 0.426358171875 0.06478070625 0 0 0
1 0 0 0 1 0.06385355312499999 1 0.0648100609375 0.994266828125 0.0648100609375 0 0 0