0 0.126953125 0.11553265625 0.126953125 0.1261563484375 0.1337890625 0.13279615625000002 0.13671875 0.1314681953125 0.142578125 0.1261563484375 0.142578125 0.11553265625 0.1318359375 0.11154877031249999 0.126953125 0.11553265625
0 0.1494140625 0.20716200312500002 0.146484375 0.2111458875 0.146484375 0.22176958125000001 0.1533203125 0.2284093875 0.15625 0.2270814265625 0.1640625 0.21911365625 0.1640625 0.2138018109375 0.1591796875 0.20716200312500002 0.1494140625 0.20716200312500002
0 0.107421875 0.29082358125 0.1083984375 0.3001193109375 0.119140625 0.3014472734375 0.123046875 0.2934795046875 0.1201171875 0.286839696875 0.1103515625 0.286839696875 0.107421875 0.29082358125
0 0.1416015625 0.39307662187500003 0.130859375 0.40237235312499997 0.130859375 0.410340121875 0.1357421875 0.41697992812500007 0.150390625 0.41830789062499996 0.154296875 0.4129960453125 0.154296875 0.405028275 0.1494140625 0.39573254375 0.1416015625 0.39307662187500003
0 0.11328125 0.4581467375 0.1142578125 0.47009839062500003 0.12890625 0.47142635312500003 0.130859375 0.4608026609375 0.1259765625 0.454162853125 0.1162109375 0.454162853125 0.11328125 0.4581467375
0 0.12890625 0.5643836624999999 0.1337890625 0.576335315625 0.146484375 0.5750073546875 0.1484375 0.5617277390625001 0.1416015625 0.55508793125 0.1357421875 0.55508793125 0.12890625 0.5643836624999999
0 0.115234375 0.7874812046875 0.1181640625 0.7994328578125 0.12890625 0.798104896875 0.1328125 0.790137128125 0.1298828125 0.7834973203125 0.1201171875 0.780841396875 0.115234375 0.7874812046875
0 0.1328125 0.885750359375 0.1376953125 0.8977020140624999 0.1484375 0.8963740515625 0.15234375 0.885750359375 0.1474609375 0.8791105515625001 0.1376953125 0.8791105515625001 0.1328125 0.885750359375
0 0.619140625 0.7742015890625 0.619140625 0.7848252812500001 0.6220703125 0.788809165625 0.6328125 0.7874812046875 0.63671875 0.7821693578125 0.6337890625 0.7702177046875 0.6259765625 0.7675617796875 0.619140625 0.7742015890625
0 0.6494140625 0.6055504703125 0.646484375 0.60953435625 0.6484375 0.6228139703125 0.6572265625 0.629453778125 0.662109375 0.6281258171874999 0.669921875 0.6201580484375 0.669921875 0.612190278125 0.6630859375 0.6028945484375 0.6494140625 0.6055504703125
0 0.62890625 0.452834890625 0.6337890625 0.4647865453125 0.642578125 0.463458584375 0.646484375 0.4581467375 0.6435546875 0.44619508437500005 0.6337890625 0.44619508437500005 0.62890625 0.452834890625
0 0.6201171875 0.35323777343749996 0.611328125 0.3625335046875 0.6162109375 0.374485159375 0.630859375 0.375813121875 0.634765625 0.37050127499999996 0.634765625 0.3598775828125 0.6298828125 0.35323777343749996 0.6201171875 0.35323777343749996
0 0.6591796875 0.23637715625000003 0.65625 0.2483288109375 0.6611328125 0.25496861875 0.669921875 0.2536406578125 0.673828125 0.2483288109375 0.673828125 0.24036104218749998 0.6669921875 0.233721234375 0.6591796875 0.23637715625000003
0 0.6337890625 0.108892846875 0.630859375 0.11553265625 0.6328125 0.1261563484375 0.642578125 0.1288122703125 0.650390625 0.1208445015625 0.650390625 0.11553265625 0.6416015625 0.106236925 0.6337890625 0.108892846875