0 0.8995395984375 0.133642578125 0.90589785 0.139413175 0.909076978125 0.1408558234375 0.916494940625 0.133642578125 0.916494940625 0.1221013859375 0.9111963953125001 0.1177734375 0.8995395984375 0.1221013859375 0.8995395984375 0.133642578125
0 0.8762260015625 0.23462801875 0.8847036734374999 0.2432839140625 0.8878828000000001 0.2447265625 0.8953007609375 0.2375133171875 0.8953007609375 0.2259721234375 0.8921216359375 0.2216441765625 0.8815245453125 0.2216441765625 0.8762260015625 0.228857421875 0.8762260015625 0.23462801875
0 0.9207337750000001 0.3154163703125 0.9249726109375 0.324072265625 0.9366294078124999 0.32262961562500003 0.9376891171875 0.31253107343750003 0.9345099906250001 0.308203125 0.9239129015625 0.308203125 0.9207337750000001 0.3154163703125
0 0.886823090625 0.44525479375000004 0.8910619265624999 0.451025390625 0.9069575593750001 0.44958274062500003 0.9122561031249999 0.44236949531249997 0.9122561031249999 0.4337136015625 0.90059930625 0.42361505624999996 0.8921216359375 0.42650035468749997 0.886823090625 0.4365988984375 0.886823090625 0.44525479375000004
0 0.9122561031249999 0.4971901640625 0.914375521875 0.50873135625 0.9302711546875001 0.50728870625 0.9313308640625 0.4943048640625 0.9281517375 0.48997691874999993 0.9175546484374999 0.48997691874999993 0.9122561031249999 0.4971901640625
0 0.89318134375 0.6068314984375001 0.8953007609375 0.6212579890625001 0.909076978125 0.6227006390625001 0.914375521875 0.609716796875 0.9069575593750001 0.5996182515624999 0.90059930625 0.5996182515624999 0.89318134375 0.6068314984375001
0 0.9101366859375 0.8549671515625 0.914375521875 0.863623046875 0.9260323203124999 0.8650656953125001 0.9292114453125 0.8520818531250001 0.9239129015625 0.8448686078125001 0.9133158124999999 0.84775390625 0.9101366859375 0.8549671515625
0 0.8889425078125001 0.958837890625 0.89318134375 0.970379084375 0.9048381421875 0.9718217328125001 0.9101366859375 0.958837890625 0.9048381421875 0.9516246453124999 0.8942410531249999 0.9516246453124999 0.8889425078125001 0.958837890625
0 0.3633268984375 0.8463112562499999 0.367565734375 0.8520818531250001 0.37922253281249996 0.8535245015624999 0.38240165937500004 0.8491965562500001 0.38240165937500004 0.8376553625 0.374983696875 0.8304421156249999 0.36650602656250003 0.8333274140625001 0.3633268984375 0.8463112562499999
0 0.327296796875 0.6703080609375001 0.3357744671875 0.67896395625 0.3410730125 0.6804066046874999 0.3506103921875 0.673193359375 0.352729809375 0.65876686875 0.349550684375 0.6544389203125001 0.334714759375 0.6515536234375 0.327296796875 0.661652165625 0.327296796875 0.6703080609375001
0 0.352729809375 0.4943048640625 0.3569686453125 0.5000754609375 0.36650602656250003 0.5015181109375 0.3718045703125 0.48853426874999994 0.36650602656250003 0.4813210234375 0.3559089359375 0.4813210234375 0.352729809375 0.4943048640625
0 0.3654463171875 0.399090021875 0.36968515156250004 0.40486061875 0.3855807859375 0.40341796875 0.39087933124999996 0.3904341265625 0.38134195000000004 0.38033558125 0.37074486093750003 0.38033558125 0.3654463171875 0.387548828125 0.3654463171875 0.399090021875
0 0.3230579609375 0.2663663 0.327296796875 0.272136896875 0.3368341765625 0.2735795453125 0.342132721875 0.2663663 0.33895359375 0.25338245625 0.3304759234375 0.250497159375 0.3230579609375 0.2577104046875 0.3230579609375 0.2663663
0 0.348490975 0.12787198125000002 0.3569686453125 0.1365278765625 0.367565734375 0.133642578125 0.36968515156250004 0.1221013859375 0.36650602656250003 0.11488813906249999 0.3580283546875 0.11200284062500002 0.348490975 0.1221013859375 0.348490975 0.12787198125000002