0 0.131104271875 0.1101480265625 0.126191225 0.11415707187499999 0.126191225 0.12484786249999999 0.133069490625 0.1315296046875 0.13601731875 0.13019325625 0.1419129734375 0.12484786249999999 0.1419129734375 0.11415707187499999 0.131104271875 0.1101480265625
0 0.1635303796875 0.213046875 0.15861733281249998 0.20636513124999997 0.1487912390625 0.20636513124999997 0.1458434125 0.210374178125 0.1458434125 0.22106496718750002 0.1527216765625 0.22774671093749999 0.15566950468750002 0.22641036250000002 0.1635303796875 0.21839226875 0.1635303796875 0.213046875
0 0.1065390390625 0.2905550984375 0.1075216484375 0.2999095390625 0.11833035 0.3012458890625 0.1222607875 0.2932277953125 0.119312959375 0.28654605312500003 0.10948686562500001 0.28654605312500003 0.1065390390625 0.2905550984375
0 0.15370428593750002 0.40548108593750004 0.1487912390625 0.39612664375 0.14093036406249998 0.393453946875 0.13012166249999998 0.4028083890625 0.13012166249999998 0.41082647968749997 0.135034709375 0.4175082234375 0.1497738484375 0.41884457187499996 0.15370428593750002 0.41349917812500003 0.15370428593750002 0.40548108593750004
0 0.11243469375 0.4589350328125 0.11341730312500001 0.47096217031250004 0.12815644375 0.47229852031249997 0.13012166249999998 0.46160773125 0.12520861562500002 0.45492598749999996 0.115382521875 0.45492598749999996 0.11243469375 0.4589350328125
0 0.12815644375 0.565842928125 0.133069490625 0.577870065625 0.1458434125 0.5765337171875 0.1478086296875 0.56317023125 0.14093036406249998 0.5564884859375 0.135034709375 0.5564884859375 0.12815644375 0.565842928125
0 0.11439991406250001 0.79034950625 0.117347740625 0.8023766437500001 0.12815644375 0.8010402953125 0.13208688125 0.7930222046875001 0.12913905312500001 0.7863404609375 0.119312959375 0.7836677625 0.11439991406250001 0.79034950625
0 0.13208688125 0.889239309375 0.13699992656249999 0.901266446875 0.1478086296875 0.8999300984374999 0.15173906718750002 0.889239309375 0.1468260203125 0.8825575656250001 0.13699992656249999 0.8825575656250001 0.13208688125 0.889239309375
0 0.628304590625 0.7703042765625 0.6214263250000001 0.7769860203125 0.6214263250000001 0.787676809375 0.624374153125 0.7916858546875 0.6351828562499999 0.79034950625 0.63911329375 0.7850041109375 0.636165465625 0.7729769734375 0.628304590625 0.7703042765625
0 0.6725220109375 0.6139514796875 0.6656437453125 0.6045970406250001 0.6518872140624999 0.6072697375 0.6489393875 0.6112787828124999 0.6509046046875 0.62464226875 0.6597480890625 0.6313240125 0.6646611359375 0.6299876640625001 0.6725220109375 0.621969571875 0.6725220109375 0.6139514796875
0 0.63125241875 0.45358963750000003 0.636165465625 0.4656167765625 0.6450089484375 0.46428042812500003 0.6489393875 0.4589350328125 0.645991559375 0.44690789531249997 0.636165465625 0.44690789531249997 0.63125241875 0.45358963750000003
0 0.632235028125 0.3533634859375 0.622408934375 0.3533634859375 0.6135654500000001 0.36271792812500003 0.6184784984375 0.374745065625 0.6332176375 0.3760814140625 0.637148075 0.37073602031249997 0.637148075 0.36004523125 0.632235028125 0.3533634859375
0 0.6695741828124999 0.2330921046875 0.6617133078124999 0.23576480156250001 0.6587654796875 0.24779194062499998 0.6636785265625 0.254473684375 0.6725220109375 0.2531373359375 0.6764524468750001 0.24779194062499998 0.6764524468750001 0.2397738484375 0.6695741828124999 0.2330921046875
0 0.6440263390625 0.10480263125 0.636165465625 0.107475328125 0.6332176375 0.11415707187499999 0.6351828562499999 0.12484786249999999 0.6450089484375 0.127520559375 0.6528698234375 0.11950246718749999 0.6528698234375 0.11415707187499999 0.6440263390625 0.10480263125