1 0.9464329796875001 0 0.9464329796875001 1 1 1 1 0 0.9464329796875001 0
1 0.8561656687499999 0 0.8586266374999999 1 0.8793733156249999 1 0.8806383625 0.9841780468750001 0.882289953125 1 0.9438128953125 1 0.9425884312499999 0 0.8561656687499999 0
1 0.773560853125 0 0.773560853125 1 0.8535065625 1 0.8522821 0 0.773560853125 0
1 0.6832545203125 0 0.6832545203125 1 0.7708609796875 1 0.7671875796875 0 0.6832545203125 0
1 0.5981575265625 0 0.6006088578125001 1 0.680554646875 1 0.6768812421875 0 0.5981575265625 0
1 0.5129625843750001 0 0.5129625843750001 1 0.600329653125 1 0.5893094375000001 0 0.5129625843750001 0
1 0.422656253125 0 0.422656253125 1 0.505102346875 1 0.5014289421875 0 0.422656253125 0
1 0.33751027968749997 0 0.33751027968749997 1 0.41737619531250003 1 0.4137027890625 0 0.33751027968749997 0
1 0.2523153375 0 0.249864 1 0.3348104046875 1 0.331137 0 0.2523153375 0
1 0.156897615625 0 0.156897615625 1 0.2496717796875 1 0.2459911796875 0 0.156897615625 0
1 0.0692154734375 0 0.07167161093749999 1 0.1642790796875 1 0.15325885781249998 0 0.0692154734375 0
1 0 0 0 1 0.066551384375 1 0.06532692031250001 0 0 0