1 0 0 0 1 0.0438900375 1 0.0438900375 0.0102585140625 0.0422702734375 0 0 0
1 0.0490630421875 0 0.048085528125 1 0.106076796875 1 0.106076796875 0 0.0490630421875 0
1 0.11535861249999999 0 0.11046145781250001 1 0.1931382640625 1 0.1931382640625 0 0.11535861249999999 0
1 0.20036572187499999 0 0.197433175 1 0.2513786609375 1 0.2553002265625 0 0.20036572187499999 0
1 0.264625378125 0 0.26169282968749996 1 0.34238650000000004 1 0.34238650000000004 0 0.264625378125 0
1 0.34957655625 0 0.342680009375 1 0.414937721875 1 0.414937721875 0 0.34957655625 0
1 0.42209860781249997 0 0.41286482968750005 0.9244039296875 0.39213590625 0.9140394671875001 0.39213590625 1 0.4771244859375 1 0.4771244859375 0 0.42209860781249997 0
1 0.4843516125 0 0.48138425468749996 1 0.5661587453125 1 0.564190240625 0 0.4843516125 0
1 0.5713947828125 0 0.5664880140624999 1 0.638913 1 0.6408829625 0.026841651562500003 0.6370484390625 0 0.5713947828125 0
1 0.6481104156249999 0 0.6451778671875 1 0.7279444296875 1 0.7279444296875 0.008185621875 0.7255368921875001 0 0.6481104156249999 0
1 0.73515344375 0 0.7302658578125001 1 0.8005955515625001 1 0.8025601890624999 0 0.73515344375 0
1 0.8077231078124999 0 0.8047905562500001 1 0.862682415625 1 0.862682415625 0 0.8077231078124999 0
1 0.8740554906250001 0 0.8711056375 1 0.9354330515625 1 0.939354621875 0 0.8740554906250001 0
1 0.9507335796874999 0 0.9457781796875 1 1 1 1 0 0.9507335796874999 0