1 0.0058593734375 0.274419125 0.1953125 0.10738139375 0.1611328125 0.10870709375000001 0.0009765609375 0.24127671562500003 0.0058593734375 0.274419125
1 0.0019531265625 0.4255484921875 0.2753906265625 0.10738139375 0.2001953125 0.1060557 0.0009765609375 0.27574481875 0.0019531265625 0.4255484921875
1 0.0009765609375 0.469296471875 0.0566406265625 0.46797077187499997 0.2802734390625 0.12461544531249999 0.2587890609375 0.12461544531249999 0 0.4335026734375 0.0009765609375 0.469296471875
1 0.1464843734375 0.46797077187499997 0.3173828125 0.1060557 0.2890625 0.1179869640625 0.06640625156249999 0.4573652015625 0.1464843734375 0.46797077187499997
1 0.1601562515625 0.44675963281250003 0.1601562515625 0.4865305234375 0.1875 0.4891819125 0.2382812515625 0.48387912968749996 0.3662109390625 0.090147346875 0.328125 0.1047300046875 0.1601562515625 0.44675963281250003
1 0.2490234390625 0.4984617875 0.3183593734375 0.5156958390625 0.3974609390625 0.0954501296875 0.3691406265625 0.1100327875 0.2460937484375 0.4520624203125 0.2490234390625 0.4984617875
1 0.4228515609375 0.087495953125 0.4023437484375 0.0941244359375 0.328125 0.4573652015625 0.328125 0.5183472328125001 0.3671875 0.526301409375 0.3994140609375 0.517021534375 0.40625 0.49183330625000005 0.4355468734375 0.10738139375 0.4228515609375 0.087495953125
1 0.4404296875 0.087495953125 0.4121093734375 0.49978748125 0.4863281265625 0.502438875 0.4960937484375 0.47062216562500003 0.4707031265625 0.1100327875 0.4638671875 0.087495953125 0.4404296875 0.087495953125
1 0.4755859390625 0.087495953125 0.5 0.49713609375 0.5136718734375 0.49978748125 0.5859375 0.4891819125 0.5078125 0.1100327875 0.4970703125 0.087495953125 0.4755859390625 0.087495953125
1 0.5859375 0.5077416625 0.609375 0.5077416625 0.6582031265625 0.4944847 0.5351562515625 0.128592534375 0.5126953125 0.1272668390625 0.5859375 0.5077416625
1 0.552815571875 0.12010687499999999 0.5406038625 0.1234248859375 0.6676057859375 0.5083125125 0.71875 0.50509026875 0.7304687484375 0.4944847 0.6464843734375 0.300933046875 0.578460153125 0.1234248859375 0.552815571875 0.12010687499999999
1 0.599220121875 0.125083859375 0.578460153125 0.126742896875 0.734375 0.49183330625000005 0.78125 0.50509026875 0.796875 0.4812277359375 0.7617187484375 0.414942921875 0.6591796875 0.24127671562500003 0.599220121875 0.125083859375
1 0.601662428125 0.12176585 0.8261718734375 0.49713609375 0.8603515609375 0.4878562171875 0.9045129421875 0.491722534375 0.627307003125 0.12176585 0.601662428125 0.12176585
1 1 0.2585107671875 0.9970703125 0.16438633125 0.8896484390625 0.114009875 0.8359375 0.1232897515625 1 0.2585107671875
1 0.8662109390625 0.0053027875 0.1396484390625 0.031816709375 0.12109374843750001 0.0729132953125 0.1357421875 0.1007529125 0.4033203125 0.082193165625 0.5390625 0.0994272171875 0.9912109390625 0.08484455937499999 1 0.025188228125 0.9775390609375 0.0079541765625 0.8662109390625 0.0053027875
1 1 0.2544857203125 0.9697265609375 0.23862532656250002 0.8398437484375 0.128592534375 0.8759765609375 0.1537807671875 0.8896484390625 0.12991823281249998 0.8955078125 0.167037725 0.8974609390625 0.12991823281249998 0.9238281265625 0.136546715625 0.8818359390625 0.114009875 0.7529296875 0.1272668390625 0.6993561296874999 0.1234248859375 0.6651632937499999 0.12176585 0.652951584375 0.12176585 0.632191709375 0.11844790624999998 0.7597656265625 0.29563026406250004 0.7714843734375 0.3221441859375 0.8896484390625 0.4905076109375 0.9985430953125001 0.5000175234374999 1 0.3088872234375 1 0.2544857203125
1 0 0.6456140718750001 0.0390625 0.6456140718750001 0.06445312656249999 0.48387912968749996 0.0556640609375 0.463993684375 0.0009765609375 0.466645078125 0 0.6456140718750001
1 0.0625 0.523650015625 0.1425781265625 0.5342555859375 0.1523437484375 0.4812277359375 0.1416015609375 0.47459925312499995 0.0751953125 0.47990204218750004 0.0625 0.523650015625
1 0.11523437343750001 0.6509168546875 0.1298828125 0.6151230562500001 0.048828126562500004 0.6244029328125 0.0517578125 0.6469397671875 0.11523437343750001 0.6509168546875
1 0.140625 0.6244029328125 0.203125 0.629705715625 0.2353515609375 0.4905076109375 0.1630859390625 0.49581039374999997 0.1445312515625 0.5422097609375001 0.140625 0.6244029328125
1 0.2451171875 0.5753521703125 0.3085937484375 0.579329259375 0.3261718734375 0.54751255 0.3193359390625 0.519672928125 0.25 0.520998621875 0.2451171875 0.5753521703125
1 0.2333984390625 0.5780035640625 0.2324218734375 0.6217515390624999 0.2558593734375 0.635008503125 0.2900390609375 0.631031409375 0.3085937484375 0.608494575 0.3046875 0.5846320421875 0.2333984390625 0.5780035640625
1 0.3964843734375 0.576677865625 0.4013671875 0.535581284375 0.3300781265625 0.5342555859375 0.3310546875 0.5700493828125001 0.3964843734375 0.576677865625
1 0.3164062515625 0.6217515390624999 0.3847656265625 0.627054321875 0.4023437484375 0.5369069796875 0.3349609390625 0.532929890625 0.3125 0.581980653125 0.3164062515625 0.6217515390624999
1 0.4140625 0.5713750828124999 0.4833984390625 0.5673979890624999 0.4863281265625 0.5130444453125 0.4091796875 0.5037645703125 0.4140625 0.5713750828124999
1 0.4648437484375 0.6217515390624999 0.4619140609375 0.5753521703125 0.3945312515625 0.581980653125 0.4013671875 0.6230772328125 0.4648437484375 0.6217515390624999
1 0.4990234390625 0.5435354609374999 0.5703125 0.5422097609375001 0.5771484390625 0.50111318125 0.5068359390625 0.50111318125 0.4960937484375 0.526301409375 0.4990234390625 0.5435354609374999
1 0.5625 0.629705715625 0.5800781265625 0.50509026875 0.5029296875 0.5037645703125 0.4921875 0.6244029328125 0.5625 0.629705715625
1 0.5771484390625 0.5833063468749999 0.6171875 0.581980653125 0.6484375 0.576677865625 0.6513671875 0.519672928125 0.5742187484375 0.5342555859375 0.5771484390625 0.5833063468749999
1 0.6386718734375 0.6535682484375 0.6455078125 0.5833063468749999 0.5742187484375 0.5846320421875 0.5693359390625 0.65224255 0.6386718734375 0.6535682484375
1 0.9902343734375 0.576677865625 1 0.5687236890625 0.9882812515625 0.5660722953125 1 0.520998621875 0.9833984390625 0.4984617875 0.8310546875 0.5064159640625 0.8115234390625 0.55414103125 0.7988281265625 0.5395583734375 0.7998046875 0.5727007765625001 0.8232421875 0.5594438140625 0.828125 0.574026471875 0.8115234390625 0.641636984375 0.8056640609375 0.580654953125 0.7958984390625 0.6151230562500001 0.7539062515625 0.61114596875 0.7753906265625 0.5925862234375 0.7519531265625 0.576677865625 0.7617187484375 0.55016394375 0.7773437484375 0.5687236890625 0.7578125 0.5342555859375 0.7734375 0.5289528031249999 0.7470703125 0.522324321875 0.7304687484375 0.6482654609375 0.7216796875 0.66019673125 0.7080078125 0.636334196875 0.6591796875 0.686710653125 0.6523437484375 0.6721279953125 0.6523437484375 0.71720166875 0.6669921875 0.6999676171875 0.6738281265625 0.743715590625 0.71875 0.77022951875 0.703125 0.796743440625 0.7070312515625 0.8709824296875001 0.6972656265625 0.8683310421874999 0.703125 0.8073490109374999 0.6884765609375 0.806023315625 0.6728515609375 0.8988220515625001 0.9960937484375 0.9027991406250001 1 0.6456140718750001 0.9824218734375 0.632357109375 1 0.635008503125 0.9902343734375 0.576677865625
1 0.6542968734375 0.6456140718750001 0.71875 0.6535682484375 0.734375 0.61114596875 0.7382812515625 0.5130444453125 0.6650390609375 0.5090673578125 0.6542968734375 0.6456140718750001
1 0.6064453125 0.737087109375 0.640625 0.7384128078125001 0.6425781265625 0.661522425 0.6279296875 0.6734536890625 0.5634765609375 0.65224255 0.5654296875 0.6973162234375 0.5556640609375 0.636334196875 0.4970703125 0.631031409375 0.484375 0.635008503125 0.4833984390625 0.689362046875 0.4765625 0.635008503125 0.4599609390625 0.6283800203125 0.2451171875 0.6575453375 0.08691406093750001 0.65489394375 0.0810546875 0.6840592640625001 0.07714843906249999 0.6575453375 0 0.6562196421875 0.0009765609375 0.9014734453125 0.3535156265625 0.9027991406250001 0.6181640609375 0.9014734453125 0.6347656265625 0.767578125 0.5917968734375 0.7569725546875 0.6064453125 0.737087109375