1 0.06640625 0.997083815625 0.0703125 0.013572865625 0.0009765609375 0 0 0.997083815625 0.06640625 0.997083815625
1 0.072265625 0.994995678125 0.13671875 0.997083815625 0.142578125 0.0093965984375 0.08300781093750001 0 0.0703125 0.0302779359375 0.072265625 0.994995678125
1 0.2109375 0.9260872718750001 0.2158203109375 0.996039746875 0.28125 0.997083815625 0.28515625 0.0073084703125 0.2392578109375 0 0.21484375 0.00522033125 0.2109375 0.9260872718750001
1 0.287109375 0.990819409375 0.353515625 0.997083815625 0.353515625 0.0073084703125 0.3017578109375 0 0.287109375 0.0093965984375 0.287109375 0.990819409375
1 0.353515625 0.93235166875 0.3466796890625 0.966805875 0.337890625 0.9365279359375001 0.333984375 0.9866431421874999 0.318359375 0.994995678125 0.421875 0.997083815625 0.427734375 0.0156610046875 0.3798828109375 0 0.357421875 0.0073084703125 0.353515625 0.93235166875
1 0.427734375 0.9845550140625001 0.4365234390625 0.9981278796874999 0.49609375 0.997083815625 0.5 0.0073084703125 0.4423828109375 0 0.4296875 0.00522033125 0.427734375 0.9845550140625001
1 0.568359375 0.997083815625 0.57421875 0.013572865625 0.5087890609375 0.002088134375 0.50390625 0.994995678125 0.568359375 0.997083815625
1 0.5634765609375 0.9563652078124999 0.5576171890625 0.8498703921875 0.546875 0.9469686078124999 0.5439453109375 0.83525345625 0.53515625 0.96576180625 0.552734375 0.9699380734374999 0.5400390609375 0.996039746875 0.638671875 0.997083815625 0.642578125 0.00522033125 0.5849609390625 0.002088134375 0.5703125 0.9365279359375001 0.5634765609375 0.9563652078124999
1 0.64453125 0.053247409375 0.646484375 0.9929075484375 0.712890625 0.997083815625 0.71484375 0.00522033125 0.6630859390625 0 0.646484375 0.0073084703125 0.64453125 0.053247409375
1 0.71875 0.994995678125 0.783203125 0.997083815625 0.7890625 0.0156610046875 0.7802734390625 0.002088134375 0.7236328109375 0.002088134375 0.71875 0.994995678125
1 0.79296875 0.013572865625 0.802734375 0.14303715156250002 0.78515625 0.980378746875 0.7880859390625 0.996039746875 0.85546875 0.997083815625 0.86328125 0.0803931421875 0.859375 0.00522033125 0.8095703109375 0.002088134375 0.79296875 0.013572865625
1 0.859375 0.994995678125 0.919921875 0.997083815625 0.931640625 0.9824668750000001 0.931640625 0.013572865625 0.8662109390625 0.002088134375 0.859375 0.994995678125
1 0.935546875 0.9929075484375 0.99609375 0.997083815625 1 0.0010440640625000001 0.9658203109375 0 0.935546875 0.0156610046875 0.935546875 0.9929075484375
1 0.2109375 0.997083815625 0.212890625 0.00522033125 0.1494140609375 0.002088134375 0.14453125 0.994995678125 0.2109375 0.997083815625