1 1 0.224366265625 0.8471328124999999 0.097719940625 0.8113125 0.096329396875 1 0.2628370265625 1 0.224366265625
1 1 0.2601602453125 0.8061953125000001 0.09493885937499999 0.7273906234374999 0.096329396875 1 0.4138092609375 1 0.2601602453125
1 1 0.419288234375 0.7447890640625 0.11440641874999999 0.7222734359375 0.11440641874999999 0.9566406234375 0.47455629843749997 1 0.47558984843749996 1 0.419288234375
1 0.6833828125 0.09493885937499999 0.8624843765625 0.47455629843749997 0.9464062484375001 0.46343197812500003 0.7130625 0.1074537171875 0.6833828125 0.09493885937499999
1 0.7662812484375 0.4912427828125 0.8195 0.49680494062499997 0.8481562484375 0.4940238640625 0.8481562484375 0.4523076578125 0.6721250000000001 0.0935483203125 0.6322109359375 0.0782523796875 0.7662812484375 0.4912427828125
1 0.5994609359374999 0.0838145375 0.6823593765625 0.5246157453125 0.7550234359375 0.5065387234375 0.7580937515625 0.45786982031249995 0.6291406234375 0.099110478125 0.5994609359374999 0.0838145375
1 0.5974140640625001 0.5260062828125001 0.6311875 0.535740065625 0.6721250000000001 0.5273968265625 0.6721250000000001 0.46343197812500003 0.5943437515625 0.082424 0.5728515640625 0.0754712984375 0.5595468765625 0.096329396875 0.5902499999999999 0.499586021875 0.5974140640625001 0.5260062828125001
1 0.4960937515625 0.4773373796875 0.5063281234375 0.5107103421875 0.5841093765625 0.5079292609375 0.5544296875 0.0754712984375 0.5298671875000001 0.0754712984375 0.5227031234374999 0.099110478125 0.4960937515625 0.4773373796875
1 0.4019375 0.49680494062499997 0.4776718765625 0.5079292609375 0.492 0.5051481843750001 0.5175859359375 0.0754712984375 0.49507031250000005 0.0754712984375 0.4838125 0.099110478125 0.4019375 0.49680494062499997
1 0.3262031234375 0.502367103125 0.377375 0.5162725046875 0.4019375 0.5162725046875 0.4786953125 0.1171875 0.4551562484375 0.1185780375 0.3262031234375 0.502367103125
1 0.25046875156250004 0.502367103125 0.26275 0.5134914234375 0.3163491359375 0.5168712765625 0.44944715156250004 0.113157625 0.4366492796875 0.10967732031249999 0.409773759375 0.113157625 0.33848437656249997 0.29934825 0.25046875156250004 0.502367103125
1 0.180875 0.4884617015625 0.19724999999999998 0.5134914234375 0.246375 0.499586021875 0.409773759375 0.1166379296875 0.3880173125 0.11489774531250001 0.32517968750000004 0.2367739453125 0.2177187515625 0.4189346953125 0.180875 0.4884617015625
1 0.1143515640625 0.49541440156250005 0.1501718765625 0.5051481843750001 0.3854577765625 0.111417440625 0.358582259375 0.111417440625 0.06807043593749999 0.49946983125 0.1143515640625 0.49541440156250005
1 0 0.2284534515625 0.1399375 0.1130158796875 0.0836484359375 0.1032820984375 0 0.1425439625 0 0.2284534515625
1 0 0 0 0.0734258484375 0.45106250000000003 0.0879861578125 0.5933203125000001 0.0699091359375 0.8737421875000001 0.0893766953125 0.8890937515624999 0.060175359375 0.8696484359375001 0.0170686140625 0.40232339218749996 0 0 0
1 0 0.5055069734375001 0.0836484359375 0.49819548437499994 0.2074843765625 0.321596890625 0.2197656234375 0.2937860921875 0.3534630875 0.10793720625 0.331706740625 0.111417440625 0.31890886875 0.111417440625 0.2830747765625 0.113157625 0.22692968750000003 0.1171875 0.0918359359375 0.1032820984375 0.047828123437499995 0.12692128281249998 0.0754609359375 0.11996858125000001 0.0775078125 0.1589037015625 0.0836484359375 0.11996858125000001 0.09797656406250001 0.1449983046875 0.1358437515625 0.1185780375 0 0.233761021875 0 0.5055069734375001
1 1 0.4724390265625 0.9576640640624999 0.47038467968750003 0.9484531234375 0.4912427828125 0.9750624999999999 0.6608886734375 1 0.6608886734375 1 0.4724390265625
1 0.8563437515625001 0.4884617015625 0.8665781234375001 0.5440833046875 0.9505000000000001 0.532958984375 0.9371953124999999 0.48707116250000004 0.8676015640625 0.48150899999999996 0.8563437515625001 0.4884617015625
1 0.8798828125 0.62890625 0.8952343765625 0.6664508312499999 0.9617578124999999 0.6622792125 0.9648281234375 0.6386400328125 0.8798828125 0.62890625
1 0.7693515640624999 0.49819548437499994 0.803125 0.644202190625 0.868625 0.6386400328125 0.8645312484375 0.55242654375 0.8450859359375 0.5037576406250001 0.7693515640624999 0.49819548437499994
1 0.6741718765625 0.55798870625 0.6925937515625 0.5913616687500001 0.7591171875 0.5871900484375 0.754 0.5301779015625 0.6813359359375 0.5287873640625 0.6741718765625 0.55798870625
1 0.7120390640625 0.645592728125 0.7478593765625 0.6497643531249999 0.7724218765625 0.6358589515624999 0.7713984359375 0.5899711296875 0.6966875 0.5969238265625 0.6925937515625 0.6219535484375001 0.7120390640625 0.645592728125
1 0.5953671875000001 0.5454738484375 0.6004843765625 0.5885805875 0.6690546875 0.5816278859375 0.6700781234375001 0.5440833046875 0.5953671875000001 0.5454738484375
1 0.5943437515625 0.5468643859375 0.6127656234375001 0.641421109375 0.6844062484375 0.6358589515624999 0.6885 0.5941427499999999 0.6649609359374999 0.542692765625 0.5943437515625 0.5468643859375
1 0.5093984359375 0.5788468046874999 0.5820624999999999 0.5830184296875001 0.5871796875 0.5121008796875001 0.5063281234375 0.5218346625 0.5093984359375 0.5788468046874999
1 0.5319140640625 0.5871900484375 0.5288437515625 0.6358589515624999 0.5953671875000001 0.6372494890625 0.6025312484375 0.5941427499999999 0.5319140640625 0.5871900484375
1 0.4111484359375 0.5093198046875 0.41831250000000003 0.55242654375 0.49302343593750003 0.5538170874999999 0.4960937515625 0.535740065625 0.4848359359375 0.5093198046875 0.4111484359375 0.5093198046875
1 0.40807812343750005 0.5134914234375 0.4265 0.644202190625 0.5001875 0.6386400328125 0.48892968750000004 0.5121008796875001 0.40807812343750005 0.5134914234375
1 0.3364375 0.5885805875 0.3691875 0.5941427499999999 0.4111484359375 0.5955332875 0.41421875156250004 0.5440833046875 0.3333671875 0.5287873640625 0.3364375 0.5885805875
1 0.3395078125 0.5955332875 0.3466718765625 0.6692319125 0.4193359359375 0.6678413703125 0.41421875156250004 0.5969238265625 0.3395078125 0.5955332875
1 0 0.93030979375 0.3108515640625 0.9264818265624999 0.2944765640625 0.8291440218749999 0.27912499999999996 0.830534559375 0.2852656234375 0.8944994078124999 0.27503124843750004 0.897280484375 0.27912499999999996 0.8194102390625 0.26275 0.791599440625 0.3098281234375 0.7637886359375 0.3169921875 0.717900815625 0.33234375156249996 0.7359778375 0.33234375156249996 0.6886994734375 0.32517968750000004 0.7039954125000001 0.2740078125 0.651154890625 0.2596796875 0.6761846140625 0.25046875156250004 0.6636697500000001 0.2330703125 0.5315684453125 0.2054375 0.538521146875 0.22181250000000002 0.5440833046875 0.2013437515625 0.5802373484375 0.2177187515625 0.5607697875000001 0.2279531234375 0.5885805875 0.20339062343749997 0.6052670703125 0.22590624843749998 0.6247346296875 0.1818984359375 0.62890625 0.1716640640625 0.5927522062499999 0.16552343593750002 0.6567170546875001 0.148125 0.5857995046875 0.15324218750000002 0.5705035656249999 0.1778046875 0.5844089671875 0.17882812343750001 0.5496454671875 0.16552343593750002 0.5649414078125 0.1450546875 0.5148819625 0 0.5073017656250001 0 0.93030979375
1 0.246375 0.6247346296875 0.26275 0.6692319125 0.3302968765625 0.6608886734375 0.3190390640625 0.51766304375 0.2422812484375 0.5218346625 0.246375 0.6247346296875
1 1 0.6722881734375 0.9351484359375 0.6734035328125 0.9310546875 0.7012143375 0.9249140640625001 0.6706224515625 0.7591171875 0.6734035328125 0.5339609359375 0.6428116515625 0.5165625 0.6497643531249999 0.5093984359375 0.7067764953125 0.508375 0.6497643531249999 0.49507031250000005 0.645592728125 0.4336640640625 0.651154890625 0.4234296875 0.715119734375 0.4254765640625 0.6678413703125 0.3579296875 0.6900900109375 0.3425781234375 0.6775751515625 0.344625 0.758226478125 0.3804453125 0.756835934375 0.3957968765625 0.7776940375 0.3507656234375 0.788818359375 0.3681640640625 0.9292629078125 0.6455156234375 0.9306534453124999 1 0.9293192765624999 1 0.6722881734375