1 0 0 0 1 0.054719 1 0.054719 0 0 0
1 0.058593671874999996 0 0.057374403124999994 1 0.118449328125 1 0.12192855312499999 0.966527478125 0.1245934890625 1 0.1443713984375 1 0.1468219140625 0 0.058593671874999996 0
1 0.150842075 0 0.14962280625 1 0.23130880625 1 0.23130880625 0 0.150842075 0
1 0.237661478125 0 0.23400367187499999 1 0.323557209375 1 0.323557209375 0 0.237661478125 0
1 0.3299098875 0 0.32625207500000003 1 0.4079381125 1 0.4103790328125 0 0.3299098875 0
1 0.41904962343749996 0 0.408076209375 1 0.4975113390625 1 0.4975113390625 0 0.41904962343749996 0
1 0.5091353546875 0 0.50547754375 1 0.5897597421875 1 0.5897597421875 0 0.5091353546875 0
1 0.598748090625 0 0.5950902796875 1 0.6767368125 1 0.6767368125 0 0.598748090625 0
1 0.6830894890625 0 0.679431678125 1 0.76631004375 1 0.76386911875 0 0.6830894890625 0
1 0.7700660906250001 0 0.7664011187499999 1 0.86123361875 1 0.86123361875 0 0.7700660906250001 0
1 0.8644776343749999 0 0.853504215625 1 0.9482502734375 1 0.950695978125 0 0.8644776343749999 0
1 0.954721021875 0 0.9535017531250001 1 1 1 1 0 0.954721021875 0