1 0 0.9964406171875 0.039062501562500004 0.9964406171875 0.041015625 0.0249477046875 0.036132810937499996 0.002935021875 0.0009765640625 0 0 0.9964406171875
1 0.042968748437499996 0.993505590625 0.078125 0.9964406171875 0.08203125156249999 0.05136291875 0.07910156406249999 0.002935021875 0.045898435937499996 0 0.042968748437499996 0.993505590625
1 0.08203125156249999 0.9847005187500001 0.109375 0.9964406171875 0.125 0.993505590625 0.125 0.010272584375000001 0.08886718906249999 0 0.08203125156249999 0.9847005187500001
1 0.125 0.9905705687499999 0.162109375 0.9964406171875 0.1640625015625 0.0044025359375 0.1455078109375 0 0.1269531234375 0.0044025359375 0.125 0.9905705687499999
1 0.166015625 0.010272584375000001 0.166015625 0.9905705687499999 0.203125 0.9964406171875 0.208984375 0.0719080875 0.2070312515625 0.007337557812499999 0.1767578109375 0 0.166015625 0.010272584375000001
1 0.2460937484375 0.9964406171875 0.2480468765625 0.007337557812499999 0.2119140625 0.002935021875 0.208984375 0.993505590625 0.2460937484375 0.9964406171875
1 0.2480468765625 0.9905705687499999 0.28125 0.9964406171875 0.2929687484375 0.9905705687499999 0.291015625 0.007337557812499999 0.2548828109375 0 0.2480468765625 0.9905705687499999
1 0.2998046875 0 0.2929687484375 0.993505590625 0.3144531234375 0.9964406171875 0.3300781234375 0.9905705687499999 0.3320312515625 0.9142599453125 0.3320312515625 0.007337557812499999 0.2998046875 0
1 0.3730468765625 0.9964406171875 0.375 0.007337557812499999 0.3408203125 0 0.333984375 0.993505590625 0.3730468765625 0.9964406171875
1 0.40625 0.9964406171875 0.416015625 0.9905705687499999 0.416015625 0.010272584375000001 0.3818359375 0 0.3769531234375 0.9847005187500001 0.35361207656250004 0.987889190625 0.40625 0.9964406171875
1 0.4550781234375 0.9964406171875 0.458984375 0.007337557812499999 0.4267578109375 0 0.416015625 0.9905705687499999 0.4550781234375 0.9964406171875
1 0.4960937484375 0.9964406171875 0.4980468765625 0.0044025359375 0.4658203125 0 0.4609374984375 0.993505590625 0.4960937484375 0.9964406171875
1 0.5 0.9905705687499999 0.5292968765625 0.9964406171875 0.5429687484375 0.9905705687499999 0.5429687484375 0.007337557812499999 0.5048828109375 0 0.5 0.9905705687499999
1 0.578125 0.9964406171875 0.5820312515625 0.007337557812499999 0.5498046875 0 0.5449218765625 0.993505590625 0.578125 0.9964406171875
1 0.5869140625 0.994973103125 0.625 0.9964406171875 0.625 0.0044025359375 0.5908203125 0 0.583984375 0.961220328125 0.5869140625 0.994973103125
1 0.662109375 0.9964406171875 0.666015625 0.007337557812499999 0.6357421890625 0 0.6289062515625 0.9905705687499999 0.662109375 0.9964406171875
1 0.7070312515625 0.9964406171875 0.708984375 0.007337557812499999 0.6708984359375 0.002935021875 0.6679687484375 0.993505590625 0.7070312515625 0.9964406171875
1 0.7480468765625 0.9964406171875 0.75 0.010272584375000001 0.7158203125 0.002935021875 0.7109374984375 0.9905705687499999 0.7480468765625 0.9964406171875
1 0.791015625 0.9964406171875 0.7929687484375 0.007337557812499999 0.7548828109375 0.002935021875 0.7519531234375 0.993505590625 0.791015625 0.9964406171875
1 0.8300781234375 0.9964406171875 0.833984375 0.010272584375000001 0.7978515640625 0.002935021875 0.7949218765625 0.993505590625 0.8300781234375 0.9964406171875
1 0.8730468765625 0.9964406171875 0.8769531234375 0.007337557812499999 0.8369140625 0.002935021875 0.833984375 0.9876355468750001 0.8730468765625 0.9964406171875
1 0.9140625015625 0.9964406171875 0.916015625 0.0044025359375 0.8818359375 0 0.8789062515625 0.993505590625 0.9140625015625 0.9964406171875
1 0.9228515640625 0.99790813125 0.9550781234375 0.9964406171875 0.9570312515625 0.0044025359375 0.9228515640625 0 0.9179687484375 0.981765496875 0.9228515640625 0.99790813125
1 1 0.0014675140625 0.9677734359375 0 0.958984375 0.9876355468750001 1 0.9964406171875 1 0.0014675140625