1 0.8046875 0.10738139375 0.9941406265625 0.274419125 0.9990234390625 0.24127671562500003 0.8388671875 0.10870709375000001 0.8046875 0.10738139375
1 0.7246093734375 0.10738139375 0.9980468734375 0.4255484921875 0.9990234390625 0.27574481875 0.7998046875 0.1060557 0.7246093734375 0.10738139375
1 0.7197265609375 0.12461544531249999 0.9433593734375 0.46797077187499997 0.9990234390625 0.469296471875 1 0.4335026734375 0.7412109390625 0.12461544531249999 0.7197265609375 0.12461544531249999
1 0.6826171875 0.1060557 0.8535156265625 0.46797077187499997 0.9335937484375 0.4573652015625 0.7109375 0.1179869640625 0.6826171875 0.1060557
1 0.7617187484375 0.48387912968749996 0.8125 0.4891819125 0.8398437484375 0.4865305234375 0.8398437484375 0.44675963281250003 0.671875 0.1047300046875 0.6337890609375 0.090147346875 0.7617187484375 0.48387912968749996
1 0.6025390609375 0.0954501296875 0.6816406265625 0.5156958390625 0.7509765609375 0.4984617875 0.7539062515625 0.4520624203125 0.6308593734375 0.1100327875 0.6025390609375 0.0954501296875
1 0.6005859390625 0.517021534375 0.6328125 0.526301409375 0.671875 0.5183472328125001 0.671875 0.4573652015625 0.5976562515625 0.0941244359375 0.5771484390625 0.087495953125 0.5644531265625 0.10738139375 0.59375 0.49183330625000005 0.6005859390625 0.517021534375
1 0.5039062515625 0.47062216562500003 0.5136718734375 0.502438875 0.5878906265625 0.49978748125 0.5595703125 0.087495953125 0.5361328125 0.087495953125 0.5292968734375 0.1100327875 0.5039062515625 0.47062216562500003
1 0.4140625 0.4891819125 0.4863281265625 0.49978748125 0.5 0.49713609375 0.5244140609375 0.087495953125 0.5029296875 0.087495953125 0.4921875 0.1100327875 0.4140625 0.4891819125
1 0.3417968734375 0.4944847 0.390625 0.5077416625 0.4140625 0.5077416625 0.4873046875 0.1272668390625 0.4648437484375 0.128592534375 0.3417968734375 0.4944847
1 0.2695312515625 0.4944847 0.28125 0.50509026875 0.33239421406249997 0.5083125125 0.4593961375 0.1234248859375 0.44718442812500003 0.12010687499999999 0.421539846875 0.1234248859375 0.3535156265625 0.300933046875 0.2695312515625 0.4944847
1 0.203125 0.4812277359375 0.21875 0.50509026875 0.265625 0.49183330625000005 0.421539846875 0.126742896875 0.400779878125 0.125083859375 0.3408203125 0.24127671562500003 0.2382812515625 0.414942921875 0.203125 0.4812277359375
1 0.1396484390625 0.4878562171875 0.1738281265625 0.49713609375 0.398337571875 0.12176585 0.372692996875 0.12176585 0.0954870578125 0.491722534375 0.1396484390625 0.4878562171875
1 0.0029296875 0.16438633125 0 0.2585107671875 0.1640625 0.1232897515625 0.11035156093750001 0.114009875 0.0029296875 0.16438633125
1 0.008789060937499999 0.08484455937499999 0.4609375 0.0994272171875 0.5966796875 0.082193165625 0.8642578125 0.1007529125 0.8789062515625 0.0729132953125 0.8603515609375 0.031816709375 0.1337890609375 0.0053027875 0.022460939062499997 0.0079541765625 0 0.025188228125 0.008789060937499999 0.08484455937499999
1 0 0.3088872234375 0.0014569046875 0.5000175234374999 0.11035156093750001 0.4905076109375 0.2285156265625 0.3221441859375 0.2402343734375 0.29563026406250004 0.367808290625 0.11844790624999998 0.347048415625 0.12176585 0.33483670625 0.12176585 0.3006438703125 0.1234248859375 0.2470703125 0.1272668390625 0.11816406093750001 0.114009875 0.07617187343750001 0.136546715625 0.10253906093750001 0.12991823281249998 0.1044921875 0.167037725 0.11035156093750001 0.12991823281249998 0.12402343906249999 0.1537807671875 0.1601562515625 0.128592534375 0.0302734390625 0.23862532656250002 0 0.2544857203125 0 0.3088872234375
1 0.9355468734375 0.48387912968749996 0.9609375 0.6456140718750001 1 0.6456140718750001 0.9990234390625 0.466645078125 0.9443359390625 0.463993684375 0.9355468734375 0.48387912968749996
1 0.8476562515625 0.4812277359375 0.8574218734375 0.5342555859375 0.9375 0.523650015625 0.9248046875 0.47990204218750004 0.8583984390625 0.47459925312499995 0.8476562515625 0.4812277359375
1 0.8701171875 0.6151230562500001 0.8847656265625 0.6509168546875 0.9482421875 0.6469397671875 0.9511718734375 0.6244029328125 0.8701171875 0.6151230562500001
1 0.7646484390625 0.4905076109375 0.796875 0.629705715625 0.859375 0.6244029328125 0.8554687484375 0.5422097609375001 0.8369140609375 0.49581039374999997 0.7646484390625 0.4905076109375
1 0.6738281265625 0.54751255 0.6914062515625 0.579329259375 0.7548828125 0.5753521703125 0.75 0.520998621875 0.6806640609375 0.519672928125 0.6738281265625 0.54751255
1 0.7099609390625 0.631031409375 0.7441406265625 0.635008503125 0.7675781265625 0.6217515390624999 0.7666015609375 0.5780035640625 0.6953125 0.5846320421875 0.6914062515625 0.608494575 0.7099609390625 0.631031409375
1 0.5986328125 0.535581284375 0.6035156265625 0.576677865625 0.6689453125 0.5700493828125001 0.6699218734375 0.5342555859375 0.5986328125 0.535581284375
1 0.5976562515625 0.5369069796875 0.6152343734375 0.627054321875 0.6835937484375 0.6217515390624999 0.6875 0.581980653125 0.6650390609375 0.532929890625 0.5976562515625 0.5369069796875
1 0.5166015609375 0.5673979890624999 0.5859375 0.5713750828124999 0.5908203125 0.5037645703125 0.5136718734375 0.5130444453125 0.5166015609375 0.5673979890624999
1 0.5380859390625 0.5753521703125 0.5351562515625 0.6217515390624999 0.5986328125 0.6230772328125 0.6054687484375 0.581980653125 0.5380859390625 0.5753521703125
1 0.4228515609375 0.50111318125 0.4296875 0.5422097609375001 0.5009765609375 0.5435354609374999 0.5039062515625 0.526301409375 0.4931640609375 0.50111318125 0.4228515609375 0.50111318125
1 0.4199218734375 0.50509026875 0.4375 0.629705715625 0.5078125 0.6244029328125 0.4970703125 0.5037645703125 0.4199218734375 0.50509026875
1 0.3515625 0.576677865625 0.3828125 0.581980653125 0.4228515609375 0.5833063468749999 0.4257812515625 0.5342555859375 0.3486328125 0.519672928125 0.3515625 0.576677865625
1 0.3544921875 0.5833063468749999 0.3613281265625 0.6535682484375 0.4306640609375 0.65224255 0.4257812515625 0.5846320421875 0.3544921875 0.5833063468749999
1 0 0.6456140718750001 0.0039062515625 0.9027991406250001 0.3271484390625 0.8988220515625001 0.3115234390625 0.806023315625 0.296875 0.8073490109374999 0.3027343734375 0.8683310421874999 0.2929687484375 0.8709824296875001 0.296875 0.796743440625 0.28125 0.77022951875 0.3261718734375 0.743715590625 0.3330078125 0.6999676171875 0.3476562515625 0.71720166875 0.3476562515625 0.6721279953125 0.3408203125 0.686710653125 0.2919921875 0.636334196875 0.2783203125 0.66019673125 0.2695312515625 0.6482654609375 0.2529296875 0.522324321875 0.2265625 0.5289528031249999 0.2421875 0.5342555859375 0.2226562515625 0.5687236890625 0.2382812515625 0.55016394375 0.2480468734375 0.576677865625 0.2246093734375 0.5925862234375 0.2460937484375 0.61114596875 0.2041015609375 0.6151230562500001 0.1943359390625 0.580654953125 0.1884765609375 0.641636984375 0.171875 0.574026471875 0.1767578125 0.5594438140625 0.2001953125 0.5727007765625001 0.2011718734375 0.5395583734375 0.1884765609375 0.55414103125 0.1689453125 0.5064159640625 0.016601560937500003 0.4984617875 0 0.520998621875 0.011718748437499999 0.5660722953125 0 0.5687236890625 0.009765626562500001 0.576677865625 0 0.635008503125 0.017578126562499997 0.632357109375 0 0.6456140718750001
1 0.265625 0.61114596875 0.28125 0.6535682484375 0.3457031265625 0.6456140718750001 0.3349609390625 0.5090673578125 0.2617187484375 0.5130444453125 0.265625 0.61114596875
1 0.3818359390625 0.9014734453125 0.6464843734375 0.9027991406250001 0.9990234390625 0.9014734453125 1 0.6562196421875 0.9228515609375 0.6575453375 0.9189453125 0.6840592640625001 0.9130859390625 0.65489394375 0.7548828125 0.6575453375 0.5400390609375 0.6283800203125 0.5234375 0.635008503125 0.5166015609375 0.689362046875 0.515625 0.635008503125 0.5029296875 0.631031409375 0.4443359390625 0.636334196875 0.4345703125 0.6973162234375 0.4365234390625 0.65224255 0.3720703125 0.6734536890625 0.3574218734375 0.661522425 0.359375 0.7384128078125001 0.3935546875 0.737087109375 0.4082031265625 0.7569725546875 0.3652343734375 0.767578125 0.3818359390625 0.9014734453125