1 1 0.0032900531249999997 0.9450334828125 0.0140252953125 0.9489585406250001 1 1 1 1 0.0032900531249999997
1 0.94306775 1 0.9450334828125 0.0312872 0.9318847671875 0 0.8701869421874999 0.00970981875 0.8760752953125 1 0.94306775 1
1 0.7963747453125001 1 0.7993861609375 0.9569568468749999 0.7953404015625 0.0053943421875 0.7700544109374999 0 0.7225167406249999 0.0075520859374999996 0.7264425625 1 0.7963747453125001 1
1 0.7204938609375 1 0.7204938609375 0.00970981875 0.7053222671875 0 0.6517159593749999 0.0075520859374999996 0.6517159593749999 1 0.7204938609375 1
1 0.670418875 1 0.6678989953125 0.9677455328125 0.6587960359375 0.9990327375 0.6517159593749999 0.9634300578125 0.6476702015625 0.0075520859374999996 0.6244070890625 0 0.5748465406250001 0.0161830375 0.580733740625 1 0.670418875 1
1 0.5748118125 1 0.5728236609375 0.0053943421875 0.559674946875 0 0.5 0.0075520859374999996 0.503925821875 1 0.5748118125 1
1 0.49581542812499996 1 0.4908970453125 0.0021577375 0.42313057968749995 0.0140252953125 0.42901817031249995 1 0.49581542812499996 1
1 0.4549560453125 1 0.46358817031250005 0.9979538671875 0.45448521406250003 0.8630952375 0.45145089218749995 0.9785342281249999 0.44032505312500003 0.8781994046875001 0.4342564203125 0.988244046875 0.42717633906249997 0.9677455328125 0.41200474062500003 0.0021577375 0.3523297984375 0.0053943421875 0.356255875 1 0.4549560453125 1
1 0.3483382140625 1 0.3503069203125 0.0550223234375 0.34828404062499996 0.0075520859374999996 0.3310895625 0 0.27748325937499996 0.0053943421875 0.2794462953125 1 0.3483382140625 1
1 0.27329868749999997 1 0.268380303125 0.0021577375 0.2097167953125 0.0021577375 0.2006138390625 0.0161830375 0.206501040625 1 0.27329868749999997 1
1 0.20438484375 1 0.18645368281250002 0.1478050578125 0.1965680796875 0.0140252953125 0.1793736078125 0.0021577375 0.127790178125 0.0053943421875 0.12374442031249999 0.0830729140625 0.1315769421875 1 0.20438484375 1
1 0.12759584375 1 0.1207100984375 0.0021577375 0.052943639062500006 0.0140252953125 0.052943639062500006 1 0.12759584375 1
1 0.0488978796875 1 0.0488978796875 0.0161830375 0.01754325 0 0 0.000534653125 0 1 0.0488978796875 1
1 0.86802525 1 0.8631068656249999 0.0021577375 0.79736328125 0.0053943421875 0.7993263171875 1 0.86802525 1