1 0.039497209374999995 1 0.041468003125 0.025084779687499996 0.036531334375 0.0029511484375 0.0009873343749999999 0 0.0000018859374999999999 1 0.039497209374999995 1
1 0.07899463281249999 1 0.0829360078125 0.05164513125 0.0799740078125 0.0029511484375 0.04640466875 0 0.04344266875 0.9989644125 0.055915396875 1 0.07899463281249999 1
1 0.1208352421875 1 0.1263786765625 0.9989644125 0.1263786765625 0.010329028125 0.0898473421875 0 0.0829360078125 0.9901109609375001 0.1060952578125 1 0.1208352421875 1
1 0.1639011359375 1 0.16587201406250002 0.004426725 0.1471126765625 0 0.1283533421875 0.004426725 0.1263786765625 0.9960132640625 0.15172082656250002 1 0.1639011359375 1
1 0.2053775546875 1 0.21128935000000001 0.0723031875 0.209314684375 0.0073778734375 0.17870734531250002 0 0.1678466796875 0.010329028125 0.1678466796875 0.9960132640625 0.19318883125 1 0.2053775546875 1
1 0.2488118234375 1 0.2507826875 0.0073778734375 0.21425135 0.0029511484375 0.21128935000000001 0.9989644125 0.2244550078125 1 0.2488118234375 1
1 0.2881972390625 1 0.296200021875 0.9960132640625 0.29422535625 0.0073778734375 0.25769401875 0 0.2507826875 0.9960132640625 0.2734572421875 1 0.2881972390625 1
1 0.3230483125 1 0.333718690625 0.9960132640625 0.3356933609375 0.9192833515625001 0.3356933609375 0.0073778734375 0.30311135624999996 0 0.296200021875 0.9989644125 0.303822246875 1 0.3230483125 1
1 0.37716516875 1 0.37913602968750004 0.0073778734375 0.34457936093749997 0 0.33766802500000004 0.9989644125 0.3515266140625 1 0.37716516875 1
1 0.41393504375 1 0.4206040328125 0.9960132640625 0.4206040328125 0.010329028125 0.3860473640625 0 0.38111069531249997 0.9901109609375001 0.357512209375 0.993317153125 0.3988746109375 1 0.41393504375 1
1 0.46010497499999997 1 0.4640467015625 0.0073778734375 0.4314646984375 0 0.4206040328125 0.9960132640625 0.44727998125 1 0.46010497499999997 1
1 0.5015691624999999 1 0.503540040625 0.004426725 0.4709580375 0 0.4660213671875 0.9989644125 0.4784940953125 1 0.5015691624999999 1
1 0.5396207937499999 1 0.548957375 0.9960132640625 0.548957375 0.0073778734375 0.510451371875 0 0.50551470625 0.9960132640625 0.52552166875 1 0.5396207937499999 1
1 0.5845089859375 1 0.5884507125 0.0073778734375 0.555868709375 0 0.5509320437499999 0.9989644125 0.5627118421875 1 0.5845089859375 1
1 0.6318933828125 1 0.6318933828125 0.004426725 0.5973367125 0 0.5904253781250001 0.9665017578124999 0.593348978125 1 0.6318933828125 1
1 0.6694196578125 1 0.6733613859375 0.0073778734375 0.6427540515625 0 0.6358427171875001 0.9960132640625 0.658517271875 1 0.6694196578125 1
1 0.7148331953125 1 0.7168040546875 0.0073778734375 0.6782980515625 0.0029511484375 0.6753360515625 0.9989644125 0.6891946390625 1 0.7148331953125 1
1 0.756301209375 1 0.7582720593750001 0.010329028125 0.7237153890625 0.0029511484375 0.7187787203125 0.9960132640625 0.744120875 1 0.756301209375 1
1 0.7997438671875 1 0.8017147281250001 0.0073778734375 0.7632087249999999 0.0029511484375 0.760246725 0.9989644125 0.7741053124999999 1 0.7997438671875 1
1 0.839241025 1 0.84318273125 0.010329028125 0.806651396875 0.0029511484375 0.8036893968750001 0.9989644125 0.816162125 1 0.839241025 1
1 0.8826836765625 1 0.8866254 0.0073778734375 0.8461447312500001 0.0029511484375 0.84318273125 0.993062115625 0.87413114375 1 0.8826836765625 1
1 0.9241478640624999 1 0.9261187390625001 0.004426725 0.8915620703125 0 0.8886000703124999 0.9989644125 0.9010727984375 1 0.9241478640624999 1
1 0.9656158640625 1 0.9675867421875 0.004426725 0.9330300734374999 0 0.9280934046875 0.9871598125000001 0.9319986765625 1 0.9656158640625 1
1 1 0.0009760765625000001 0.9784474078125 0 0.9695614078125001 0.993062115625 1 0.9995607796874999 1 0.0009760765625000001