1 0.08048623906249999 0.9990234375 0.08048623906249999 0.0009765625 0.0036584671875000002 0 0.0024389750000000003 0.9990234375 0.08048623906249999 0.9990234375
1 0.1378021984375 1 0.1426801546875 0.953125 0.14633861718750002 0.9990234375 0.1634114578125 0.9990234375 0.1658504375 0.0048828125 0.08414470625 0 0.08292521875 0.9990234375 0.1378021984375 1
1 0.24389770156249999 0.9990234375 0.24389770156249999 0.0009765625 0.16950890000000002 0 0.1682894125 0.9990234375 0.24389770156249999 0.9990234375
1 0.3292618953125 0.9990234375 0.3292618953125 0.0048828125 0.2499951390625 0 0.2463366765625 0.9990234375 0.3292618953125 0.9990234375
1 0.407309159375 0.9990234375 0.409748134375 0.0009765625 0.3353593390625 0 0.3317008703125 0.9990234375 0.407309159375 0.9990234375
1 0.4902343734375 0.9990234375 0.4902343734375 0.0009765625 0.4182845515625 0 0.407309159375 0.9990234375 0.4902343734375 0.9990234375
1 0.5755985671875 0.9990234375 0.5755985671875 0.0009765625 0.5012097718749999 0 0.497551303125 0.9990234375 0.5755985671875 0.9990234375
1 0.6560848109374999 0.9990234375 0.6560848109374999 0.0009765625 0.584134990625 0 0.580476521875 0.9990234375 0.6560848109374999 0.9990234375
1 0.7390100296875 0.9990234375 0.73657105 0.0009765625 0.662182253125 0 0.6585237859374999 0.9990234375 0.7390100296875 0.9990234375
1 0.8268131984375 0.9990234375 0.8268131984375 0.0009765625 0.7426684921875 0 0.7390100296875 0.9970703109375 0.8268131984375 0.9990234375
1 0.9072994421875 0.9990234375 0.9097384171874999 0.0029296890625 0.8304716671874999 0 0.81949626875 0.9990234375 0.9072994421875 0.9990234375
1 0.9951026125 0.9990234375 0.9975415875 0.008789064062500001 0.91339688125 0 0.9121773937500001 0.9990234375 0.9951026125 0.9990234375