1 0 0 0 1 0.0478591140625 1 0.05183270156250001 0 0 0
1 0.053064940625 0 0.0518922015625 0.002795646875 0.053912035937500005 1 0.122748321875 1 0.1286835 0 0.053064940625 0
1 0.2056040234375 0 0.201548165625 0.955690871875 0.20464246406250003 1 0.2764993859375 1 0.280447821875 0 0.2056040234375 0
1 0.2826118125 0 0.2826118125 1 0.3532826828125 1 0.3532826828125 0 0.2826118125 0
1 0.35734838125 0 0.3532826828125 0.9623544703125001 0.34600774375 0.9990042890625 0.33665424375 0.966796871875 0.334065009375 1 0.42621854062500003 1 0.43219160156249997 0 0.35734838125 0
1 0.434298725 0 0.43230345937500003 1 0.505140440625 1 0.5090888765625 0 0.434298725 0
1 0.5183940328125 0 0.5134740546875001 1 0.5821097703125 1 0.5880701515625 0 0.5183940328125 0
1 0.5991650187500001 0 0.58400229375 0.966796871875 0.5767273484375 0.987898284375 0.5704916875 0.874617034375 0.5590596328124999 0.9779028828125 0.5559417984375 0.859068628125 0.546588303125 0.9978936859375 0.555458009375 1 0.656874696875 1 0.660814825 0 0.5991650187500001 0
1 0.6641455781250001 0 0.6629873859375001 0.0272288625 0.665010275 1 0.7357983031249999 1 0.7377683625 0 0.6641455781250001 0
1 0.7470350875 0 0.742115109375 1 0.810751225 1 0.816724284375 0 0.7470350875 0
1 0.8220875968750001 0 0.8313503437499999 0.1227405 0.812925665625 1 0.8877374546875 1 0.89578555 0.0561044703125 0.8928688031249999 0 0.8220875968750001 0
1 0.8987160968750001 0 0.8918281234375 1 0.9685349765625 1 0.9685349765625 0 0.8987160968750001 0
1 0.9726920874999999 0 0.9726920874999999 1 1 1 1 0 0.9726920874999999 0
1 0.13593990312499998 0 0.1310199265625 1 0.20160965625 1 0.20357971562500002 0 0.13593990312499998 0