0 0.932967 0.317350690625 0.950282765625 0.370778934375 0.978420884375 0.36696263125 0.9600228843749999 0.2925447171875 0.932967 0.317350690625
0 0.6191187609375 0.47381913124999997 0.642927940625 0.4929006453125 0.6667371156249999 0.47763543437499995 0.6667371156249999 0.4432887046875 0.6223654671875 0.43374794687499996 0.6191187609375 0.47381913124999997
0 0.17107334375 0.7791234078125 0.1754022828125 0.8554494734375 0.2100338140625 0.8478168687500001 0.18297793281250002 0.7733989546875 0.17107334375 0.7791234078125
0 0.8312368812500001 0.7867560124999999 0.8290724109375001 0.8325516578125001 0.8810197046875 0.7638581906249999 0.8842664109375 0.69707288125 0.8312368812500001 0.7867560124999999
0 0.05310969375 0.5520533484375 0.058520873437499996 0.6073897500000001 0.0736721671875 0.5730430203125 0.05310969375 0.5520533484375
0 0.0314649890625 0.51770661875 0.030382753125000002 0.5539615 0.060685343749999995 0.52724738125 0.0314649890625 0.51770661875
0 0.46544134687499994 0.5157984671875 0.478428171875 0.5348799875 0.496826171875 0.5329718359375 0.502237346875 0.504349559375 0.47301699687500004 0.4986251046875 0.46544134687499994 0.5157984671875
0 0.48383934687499996 0.273463196875 0.4676058171875 0.3249832953125 0.4849215828125 0.32116699375 0.48383934687499996 0.273463196875
0 0.5195531124999999 0.1990452828125 0.5260465265625001 0.21812679531249998 0.5455267609375001 0.2066778875 0.5379511124999999 0.1818719140625 0.5195531124999999 0.1990452828125
0 0.1927180515625 0.15706594062499998 0.2013759328125 0.183780065625 0.22302063749999998 0.16469855312499998 0.2154449921875 0.14370888125 0.1927180515625 0.15706594062499998
0 0.015231459375 0.183780065625 0.015231459375 0.2219431046875 0.03471169375 0.20286158593749998 0.0357939296875 0.17042300625 0.015231459375 0.183780065625
0 0.1418529921875 0.6894402765625001 0.1515931078125 0.737144065625 0.198129228125 0.7390522234375 0.2100338140625 0.7104299468749999 0.1418529921875 0.6894402765625001
1 0 0 0 0.08070564531249999 1 0.07536813125 1 0 0 0