1 0.0009765640625 0 0 0.9990234359375 0.0546875015625 0.9990234359375 0.0546875015625 0.018554689062499997 0.0517578140625 0 0.0009765640625 0
1 0.11328124843750001 0.9990234359375 0.11328124843750001 0.0048828140625 0.0595703109375 0 0.0585937515625 0.9990234359375 0.11328124843750001 0.9990234359375
1 0.1953124984375 0.9990234359375 0.1953124984375 0.0048828140625 0.12207031093750001 0 0.11718750156249999 0.9970703109375 0.1953124984375 0.9990234359375
1 0.2353515640625 1 0.2373046890625 0.982421875 0.25 0.9990234359375 0.2539062484375 0.0029296890625 0.2021484359375 0 0.1992187515625 0.9990234359375 0.2353515640625 1
1 0.3359375015625 0.9990234359375 0.3359375015625 0.0068359375 0.2626953109375 0 0.2597656265625 0.9990234359375 0.3359375015625 0.9990234359375
1 0.404296875 0.9990234359375 0.404296875 0.0048828140625 0.3427734359375 0 0.3359375015625 0.9912109375 0.404296875 0.9990234359375
1 0.3828124984375 0.8701171859375 0.3828124984375 0.9580078140625 0.3701171859375 0.9492187515625 0.3671875015625 0.9677734359375 0.3847656265625 0.9736328140625 0.3671875015625 0.9853515640625 0.3798828140625 1 0.4628906265625 0.9990234359375 0.4628906265625 0.0068359375 0.4111328140625 0 0.4023437515625 0.8798828140625 0.3828124984375 0.8701171859375
1 0.453125 0.9873046890625 0.4482421859375 0.875 0.4257812484375 0.9990234359375 0.546875 0.9990234359375 0.544921875 0.0068359375 0.4697265640625 0 0.466796875 0.9873046890625 0.453125 0.9873046890625
1 0.5517578140625 0 0.546875 0.9951171859375 0.6152343734375 0.9990234359375 0.6171875015625 0.034179689062500004 0.6123046890625 0 0.5517578140625 0
1 0.6240234359375 0 0.6210937515625 0.9990234359375 0.6992187515625 0.9990234359375 0.6992187515625 0.016601564062499997 0.6943359375 0 0.6240234359375 0
1 0.767578125 0.9990234359375 0.7695312484375 0.0048828140625 0.7060546890625 0 0.701171875 0.9990234359375 0.767578125 0.9990234359375
1 0.826171875 0.9990234359375 0.826171875 0.0048828140625 0.7744140625 0 0.7714843734375 0.9990234359375 0.826171875 0.9990234359375
1 0.8945312484375 0.9990234359375 0.8984375015625 0.0029296890625 0.8369140625 0 0.8339843734375 0.9931640625 0.8945312484375 0.9990234359375
1 0.9072265640625 1 0.9882812484375 0.9990234359375 0.986328125 0.0068359375 0.9091796890625 0 0.904296875 0.9853515640625 0.9072265640625 1