1 0 0 0 1 0.035459649999999995 1 0.035459649999999995 0 0 0
1 0.04075010625 0 0.0397725921875 1 0.099457675 1 0.099457675 0 0.04075010625 0
1 0.10884342656249998 0 0.1039462671875 1 0.1890549125 1 0.1890549125 0 0.10884342656249998 0
1 0.19639322812499999 0 0.1934606796875 1 0.24897259218749998 1 0.2528941609375 0 0.19639322812499999 0
1 0.262524525 0 0.25959197500000003 1 0.342650184375 1 0.342650184375 0 0.262524525 0
1 0.3498153109375 0 0.3429187625 1 0.41731454843750004 1 0.41731454843750004 0 0.3498153109375 0
1 0.42434457812500004 0 0.41518128125000003 0.9173477328124999 0.3938486015625 0.9066813937499999 0.3938486015625 1 0.481312578125 1 0.481312578125 0 0.42434457812500004 0
1 0.4886493734375 0 0.48568201406249994 1 0.572949621875 1 0.5709811218749999 0 0.4886493734375 0
1 0.578161878125 0 0.57325510625 1 0.6478035531249999 1 0.64982785 0 0.578161878125 0
1 0.6571790296875 0 0.65424648125 1 0.73943795625 1 0.73943795625 0 0.6571790296875 0
1 0.746690859375 0 0.7418032718750001 1 0.8141955968750001 1 0.8161602328124999 0 0.746690859375 0
1 0.8214406359374999 0 0.8185080828125001 1 0.8781003500000001 1 0.8781003500000001 0 0.8214406359374999 0
1 0.8897044421875 0 0.8867545874999999 1 0.9529508984374999 1 0.9568724703125 0 0.8897044421875 0
1 0.9685477234375 0 0.9635923249999999 1 1 1 1 0 0.9685477234375 0