0 0.0982761234375 0.2930049203125 0.0807915 0.3628291359375 0.10753269218749999 0.3664098640625 0.12398880781249999 0.3162796609375 0.0982761234375 0.2930049203125
0 0.399628765625 0.480993196875 0.4222559296875 0.46308955625000003 0.41917040781250003 0.4254919015625 0.37700160625 0.434443721875 0.37700160625 0.466670284375 0.399628765625 0.480993196875
0 0.8367443765625 0.7441767968749999 0.8110316953125001 0.8140010125 0.8439439296875 0.8211624687500001 0.8480579578125 0.7495478890625 0.8367443765625 0.7441767968749999
0 0.1702716390625 0.672562209375 0.17335715937500001 0.73522496875 0.2227255109375 0.7996780984375 0.22066849687499998 0.7567093453125 0.1702716390625 0.672562209375
0 0.9601652546875 0.5364945 0.9406236140625 0.5561885125 0.955022715625 0.5884150734375 0.9601652546875 0.5364945
0 0.9807354 0.5042679375 0.9529657015625 0.5132197656249999 0.9817639078125 0.5382848640625 0.9807354 0.5042679375
0 0.5559618796875 0.520381221875 0.56830396875 0.5024775734375 0.561104415625 0.486364296875 0.5333347203125001 0.4917353890625 0.5384772546875001 0.5185908578125 0.5559618796875 0.520381221875
0 0.55081934375 0.275101271875 0.5497908375 0.3198603890625 0.5662469531250001 0.3234411171875 0.55081934375 0.275101271875
0 0.49939397812499997 0.189163771875 0.492194425 0.21243851249999998 0.5107075562500001 0.223180696875 0.516878603125 0.20527705625 0.49939397812499997 0.189163771875
0 0.8058891562499999 0.15335648125 0.79868960625 0.17305049374999998 0.8192597515625 0.1909541359375 0.8274878078125001 0.16588903125 0.8058891562499999 0.15335648125
0 0.9766213718750001 0.1784215859375 0.9776498796875 0.208857784375 0.9961630109374999 0.2267614328125 0.9961630109374999 0.1909541359375 0.9766213718750001 0.1784215859375
0 0.888169740625 0.9482783578125 0.850114971875 0.9715530984375 0.8747991453124999 0.9858760125 0.888169740625 0.9482783578125
0 0.8110316953125001 0.6850947656249999 0.8223452734375 0.7119502343749999 0.8665710890625 0.7101598640625 0.8758276531250001 0.665400753125 0.8110316953125001 0.6850947656249999
1 0 0 0 0.0889166234375 1 0.094186271875 1 0 0 0