1 0.0012632703125 0 0 0.18311675624999998 0 1 0.041834678125000004 1 0.041834678125000004 0 0.0012632703125 0
1 0.043866101562499996 0 0.0418979765625 1 0.0830599234375 1 0.0850164078125 0 0.043866101562499996 0
1 0.08731571406250001 0 0.08731571406250001 1 0.1287090234375 1 0.1349625125 0.007068170312499999 0.134750053125 0 0.08731571406250001 0
1 0.1380057296875 0 0.1350666609375 1 0.176187984375 1 0.1781502703125 0 0.1380057296875 0
1 0.18535616562499999 0 0.1784983421875 1 0.22802685937499997 1 0.2260528625 0 0.18535616562499999 0
1 0.23517020937500002 0 0.2283326453125 1 0.270057846875 1 0.27140562031250004 0.9470095734375 0.27140562031250004 0 0.23517020937500002 0
1 0.28065124531249996 0 0.27381368125 1 0.3169626203125 1 0.318924903125 0 0.28065124531249996 0
1 0.3262720328125 0 0.3213443828125 1 0.36453345625 1 0.36453345625 0 0.3262720328125 0
1 0.37565662031249997 0 0.364880040625 1 0.40800064843749995 1 0.41192522187499997 0 0.37565662031249997 0
1 0.4194030640625 0 0.414519084375 1 0.4534055 1 0.455361984375 0 0.4194030640625 0
1 0.46271727343749997 0 0.45781883125 1 0.5053080890625 1 0.5053080890625 0 0.46271727343749997 0
1 0.5125308984375 0 0.5076469234375 1 0.5444437578125 1 0.5483683312500001 0 0.5125308984375 0
1 0.5578521859375 0 0.550789125 0.9994104874999999 0.550839971875 1 0.5962701609375001 1 0.5962701609375001 0 0.5578521859375 0
1 0.6076800718750001 0 0.6008222453125 1 0.6375715921875 1 0.641496165625 0 0.6076800718750001 0
1 0.646960178125 0 0.644021109375 1 0.687308196875 1 0.6892704796875 0 0.646960178125 0
1 0.6966347703125 0 0.691721765625 1 0.732789459375 1 0.7347575843749999 0 0.6966347703125 0
1 0.7400880125 0 0.7371489437500001 1 0.7804360328125 1 0.7823983140624999 0 0.7400880125 0
1 0.7877348140625 0 0.7847957453125 1 0.8238277140625 1 0.8277639671875001 0 0.7877348140625 0
1 0.831048859375 0 0.8280922703125 1 0.8714740640624999 1 0.8753986328125001 0 0.831048859375 0
1 0.8808536578125 0 0.8779232734375 1 0.916878915625 1 0.9188353953125 0 0.8808536578125 0
1 0.9261874765625 0 0.9212450921875 1 0.9623599468749999 1 0.96431643125 0 0.9261874765625 0
1 0.9757145968750001 0 0.9668711890624999 1 1 1 1 0 0.9757145968750001 0