0 0.10546875156249999 0.36681410625 0.12109375156249999 0.3190429703125 0.0966796875 0.2968635125 0.080078125 0.36340188281249997 0.10546875156249999 0.36681410625
0 0.361328125 0.4623563875 0.3828124984375 0.4760052828125 0.404296875 0.4589441640625 0.4013671890625 0.4231158125 0.361328125 0.43164637031249997 0.361328125 0.4623563875
0 0.8046875015625 0.8001665875 0.8085937515625 0.73192210625 0.7978515625 0.7268037703125 0.7734375015625 0.793342140625 0.8046875015625 0.8001665875
0 0.2148437515625 0.779693246875 0.2128906265625 0.738746553125 0.1650390640625 0.6585592828125 0.1679687515625 0.71827320625 0.2148437515625 0.779693246875
0 0.9150390640625 0.528894759375 0.8964843734375 0.54766199375 0.9101562484375 0.5783720125 0.9150390640625 0.528894759375
0 0.9345703125 0.498184740625 0.908203125 0.50671530625 0.935546875 0.5306008703125 0.9345703125 0.498184740625
0 0.5146484375 0.511833640625 0.53125 0.513539753125 0.5429687515625 0.4964786296875 0.5361328109375 0.48112362343750004 0.5097656265625 0.48624195937500003 0.5146484375 0.511833640625
0 0.5263671890625 0.2798023875 0.5253906265625 0.32245519375 0.5410156265625 0.3258674171875 0.5263671890625 0.2798023875
0 0.4882812484375 0.23032513593749998 0.4941406265625 0.2132640171875 0.4775390640625 0.19790900625000002 0.470703125 0.2200884640625 0.4882812484375 0.23032513593749998
0 0.78125 0.1996151171875 0.7890624984375 0.175729546875 0.7685546875 0.16378676406249998 0.7617187515625 0.182554 0.78125 0.1996151171875
0 0.9492187515625 0.2337373640625 0.9492187515625 0.1996151171875 0.9306640640625 0.1876723359375 0.9316406265625 0.21667624062500002 0.9492187515625 0.2337373640625
0 0.8466796875 0.9213005531249999 0.810546875 0.9434800125 0.8339843734375 0.95712890625 0.8466796875 0.9213005531249999
0 0.826171875 0.6943876359375001 0.8349609359375 0.6517348359375 0.7734375015625 0.6705020703125 0.7841796875 0.696093753125 0.826171875 0.6943876359375001
1 0.0009765625 0.1023667296875 0.96875 0.1074850640625 1 0.1006606171875 0.9990234375 0 0 0.0017061125 0.0009765625 0.1023667296875